[[ 0.205255    0.29838418  0.32051562  0.38593808  0.32693938  0.29014375
   0.26770152  0.09744424  0.188264    0.18032885  0.19157262  0.18596271
   0.1556618   0.1602558   0.14640703  0.16311452  0.15000461  0.11993994
   0.08664752  0.14651473  0.11465295  0.1283229   0.08169378  0.07470862]
 [ 0.00720597 -0.17493713  0.32398504 -0.18499164  0.13970916 -0.42874527
  -0.05956835  0.47026944  0.3730933  -0.01574131  0.04689666  0.04192967
  -0.14273802  0.12601305  0.26384163  0.05746376 -0.2179072  -0.21858205
   0.04736004  0.02865638 -0.0818906  -0.14388624  0.14764203  0.04482125]
 [-0.21610547 -0.42450817 -0.28552793  0.12137833 -0.27672435  0.23585915
  -0.15047076  0.27857321  0.29784499 -0.09996978 -0.07247358  0.07910717
   0.15512666  0.18192406  0.19006734  0.25013145  0.23566562  0.20737195
  -0.10342598  0.03335795  0.11092994  0.19917083  0.05204279 -0.11523887]
 [-0.11792699 -0.02031141 -0.06400363  0.02780944  0.25495644 -0.08659693
  -0.57839547 -0.08228263 -0.0976822   0.32081165  0.38689382  0.3304348
  -0.09065008 -0.06596801 -0.0756174  -0.03071322  0.03382102  0.01474903
  -0.2515794   0.2197081  -0.02726684  0.05004355  0.08626532 -0.22981748]
 [-0.27866594 -0.21635439 -0.32591815 -0.35301881  0.58779991 -0.06687372
   0.24610252 -0.14179515 -0.0649216  -0.05013873  0.03797435  0.1169496
   0.02516037  0.1005195  -0.01456554  0.14432581  0.07413697  0.06447677
   0.26648003  0.04282081  0.04066246  0.11661803  0.02411888  0.24915263]
 [ 0.08059627  0.2716555  -0.10355808 -0.59698485 -0.3665219  -0.086508
   0.28362654 -0.06815404  0.10706848  0.30349408  0.28658045  0.05220835
   0.16828679  0.12041953  0.14516517  0.04415253  0.06360167  0.04680338
  -0.1334967   0.08226679  0.12244742  0.05892578  0.02351742 -0.14685962]
 [ 0.23583423  0.15241274  0.30312594 -0.4765854   0.18679757  0.19958791
  -0.31828166  0.19425392 -0.11428011 -0.2132803  -0.21602009 -0.14145505
  -0.13781208  0.00524396 -0.08095204  0.13553236  0.29661546  0.27621575
  -0.07037562 -0.05854285 -0.03730669  0.20357575 -0.03504334 -0.04983754]
 [-0.15562293 -0.49051801  0.54437431 -0.1055644  -0.23117774  0.08146098
   0.12867572  0.05291256 -0.24068216  0.26830279  0.08253495  0.17595771
   0.11877644 -0.11635934 -0.26845746 -0.0916706   0.07023535  0.06928909
   0.15022473  0.04315851  0.05485453  0.07110323 -0.07041007  0.15892167]
 [ 0.09052928  0.20144842 -0.07437708  0.01075957 -0.3762993  -0.0619966
  -0.26979775 -0.12191741  0.04758609 -0.0994488   0.08916145  0.33763712
  -0.24781486  0.01784851  0.06146735  0.15419544  0.05441237  0.08667128
   0.48505169  0.09213645 -0.19086154  0.06355023  0.04481779  0.43860601]
 [ 0.07981096  0.01243876 -0.04767919  0.03921439 -0.02395396 -0.17975208
   0.24703855  0.22552078  0.00257782 -0.60206953  0.33786459  0.23276137
  -0.0185323  -0.2762777  -0.15884455 -0.19250378  0.09846677  0.10186661
  -0.10956261  0.28834415  0.04812279  0.09448554 -0.19609062 -0.10095378]]
