1 0.628656914893617 1.0 0.628656914893617 0.7719942845478669
2 0.6931515957446809 0.9270227392913802 0.6907013396375099 0.7916008128245655
3 0.7034574468085106 0.9740877842411423 0.6860335195530727 0.8050699300699301
4 0.7782579787234043 0.8714965626652564 0.7953667953667953 0.8316931617461519
5 0.7825797872340425 0.8804865150713908 0.7955088389870999 0.8358433734939759
6 0.7872340425531915 0.8344791115811739 0.8283464566929134 0.8314014752370916
7 0.8357712765957447 0.8540454785827605 0.8810692853246045 0.8673469387755103
8 0.8417553191489362 0.8524590163934426 0.8911000552791598 0.8713513513513514
9 0.8477393617021277 0.86409307244844 0.8904632152588556 0.8770799785292539
10 0.8902925531914894 0.9301956636700158 0.8988247317322432 0.9142411642411643
11 0.8926196808510638 0.925965097831835 0.905377456049638 0.9155555555555557
12 0.8992686170212766 0.9476467477525119 0.8977955911823647 0.9220478518137382
13 0.9042553191489362 0.9434161819143311 0.9078880407124682 0.9253112033195021
14 0.9065824468085106 0.9450026441036489 0.909877800407332 0.9271076523994811
15 0.9119015957446809 0.9497620306716024 0.91353001017294 0.9312937516204305
16 0.9195478723404256 0.9471179270227393 0.9265390584583549 0.9367154811715481
17 0.9198803191489362 0.952934955050238 0.9222108495394064 0.9373211963589076
18 0.9222074468085106 0.955579058699101 0.9233520694941236 0.9391891891891893
19 0.9215425531914894 0.9545214172395557 0.9232736572890026 0.9386375455018201
20 0.921875 0.9545214172395557 0.9237461617195496 0.9388816644993497
21 0.9228723404255319 0.9561078794288737 0.9238630556974962 0.9397089397089398
22 0.9311835106382979 0.9619249074563723 0.9309109518935517 0.9461638491547464
23 0.9355053191489362 0.9656266525647805 0.9340153452685422 0.9495579823192928
24 0.9384973404255319 0.9656266525647805 0.9383350462487153 0.9517852488923639
25 0.9375 0.965097831835008 0.9373394966615306 0.9510161542470037
26 0.9401595744680851 0.9672131147540983 0.9393939393939394 0.9531005732152162
27 0.9431515957446809 0.9687995769434162 0.9423868312757202 0.9554106910039113
28 0.9431515957446809 0.9661554732945531 0.9446742502585316 0.9552941176470587
29 0.942154255319149 0.965097831835008 0.9441282979824107 0.9544979079497908
30 0.942154255319149 0.965097831835008 0.9441282979824107 0.9544979079497908
31 0.9431515957446809 0.9666842940243258 0.9442148760330579 0.9553174810556572
32 0.945811170212766 0.9687995769434162 0.9462809917355371 0.9574078912986674
33 0.944813829787234 0.9640401903754627 0.9489849036959916 0.9564533053515215
34 0.945811170212766 0.9640401903754627 0.9504692387904067 0.9572066159096877
35 0.9461436170212766 0.9645690111052353 0.9504950495049505 0.9574803149606298
36 0.9451462765957447 0.9666842940243258 0.9471502590673575 0.956817587019105
37 0.9431515957446809 0.9629825489159175 0.9474505723204995 0.9551534225019669
38 0.9468085106382979 0.9709148598625066 0.9459041731066461 0.9582463465553236
39 0.9451462765957447 0.9693283976731888 0.9448453608247422 0.9569303054032889
40 0.945811170212766 0.967741935483871 0.9472049689440993 0.9573633272299241
41 0.9471409574468085 0.9656266525647805 0.9510416666666667 0.9582786670165312
42 0.9468085106382979 0.9656266525647805 0.950546590317543 0.9580272822665267
43 0.9481382978723404 0.9666842940243258 0.9515877147319105 0.9590766002098636
44 0.9454787234042553 0.9645690111052353 0.9495054659031754 0.9569779643231898
45 0.9461436170212766 0.9619249074563723 0.9528548978522787 0.9573684210526315
46 0.9481382978723404 0.9645690111052353 0.9534762153685311 0.9589905362776026
47 0.945811170212766 0.9635113696456901 0.9509394572025052 0.9571841344890989
48 0.9474734042553191 0.9640401903754627 0.9529534762153685 0.9584647739221873
49 0.9481382978723404 0.9645690111052353 0.9534762153685311 0.9589905362776026
50 0.9491356382978723 0.9640401903754627 0.9554507337526206 0.9597262437483549
51 0.9468085106382979 0.9645690111052353 0.9514866979655712 0.9579831932773109
52 0.9471409574468085 0.9640401903754627 0.9524555903866249 0.9582128777923784
53 0.9451462765957447 0.9635113696456901 0.9499478623566214 0.9566815437122603
54 0.9478058510638298 0.9640401903754627 0.9534518828451883 0.9587168025243229
55 0.9478058510638298 0.9656266525647805 0.9520333680917622 0.9587818325019689
56 0.945811170212766 0.9640401903754627 0.9504692387904067 0.9572066159096877
57 0.9481382978723404 0.9661554732945531 0.95205836373111 0.9590551181102361
58 0.9464760638297872 0.965097831835008 0.9505208333333334 0.9577538703752296
59 0.944813829787234 0.9619249074563723 0.9508625196027183 0.9563617245005257
60 0.9454787234042553 0.9635113696456901 0.9504434011476265 0.9569327731092436
61 0.9454787234042553 0.9635113696456901 0.9504434011476265 0.9569327731092436
62 0.9471409574468085 0.965097831835008 0.9515119916579771 0.9582567603045418
63 0.9474734042553191 0.9661554732945531 0.9510671525247267 0.9585519412381953
64 0.9468085106382979 0.9656266525647805 0.950546590317543 0.9580272822665267
65 0.9488031914893617 0.9666842940243258 0.9525794684731631 0.9595800524934383
66 0.9468085106382979 0.9661554732945531 0.9500780031201248 0.9580492920818039
67 0.948470744680851 0.967741935483871 0.9511434511434511 0.9593709043250328
68 0.9471409574468085 0.9656266525647805 0.9510416666666667 0.9582786670165312
69 0.9474734042553191 0.9661554732945531 0.9510671525247267 0.9585519412381953
70 0.9488031914893617 0.9661554732945531 0.9530516431924883 0.9595588235294117
71 0.9478058510638298 0.9656266525647805 0.9520333680917622 0.9587818325019689
72 0.9468085106382979 0.9656266525647805 0.950546590317543 0.9580272822665267
73 0.9474734042553191 0.9661554732945531 0.9510671525247267 0.9585519412381953
74 0.9471409574468085 0.9656266525647805 0.9510416666666667 0.9582786670165312
75 0.9464760638297872 0.9645690111052353 0.9509906152241918 0.9577316881071147
76 0.9471409574468085 0.965097831835008 0.9515119916579771 0.9582567603045418
77 0.9478058510638298 0.9656266525647805 0.9520333680917622 0.9587818325019689
78 0.9474734042553191 0.9656266525647805 0.9515372589890568 0.9585301837270341
79 0.9471409574468085 0.9656266525647805 0.9510416666666667 0.9582786670165312
80 0.9471409574468085 0.9666842940243258 0.9501039501039501 0.9583224115334208
81 0.9461436170212766 0.9645690111052353 0.9504950495049505 0.9574803149606298
82 0.9464760638297872 0.965097831835008 0.9505208333333334 0.9577538703752296
83 0.9461436170212766 0.9656266525647805 0.9495579823192928 0.9575249082328264
84 0.9464760638297872 0.9656266525647805 0.9500520291363164 0.9577760293731971
