3 0.8121675531914894 0.9707291112293773 0.781491002570694 0.08160237388724036 0.8658912888677901
4 0.8221409574468085 0.9590207557211282 0.7973451327433628 0.10294117647058823 0.870741725054361
5 0.8487367021276596 0.9462480042575838 0.8339587242026266 0.11529680365296803 0.8865619546247818
6 0.8650265957446809 0.9334752527940394 0.8619164619164619 0.12846865364850976 0.8962698007153805
7 0.8680186170212766 0.9478445981905269 0.85625 0.10560344827586207 0.8997221520586006
8 0.867686170212766 0.9478445981905269 0.8558385391638635 0.10571736785329018 0.8994949494949496
9 0.8769946808510638 0.9318786588610963 0.8785750125439037 0.12610837438423644 0.9044421487603306
10 0.879654255319149 0.944119212346993 0.8734613490891187 0.10747185261003071 0.9074168797953963
11 0.8839760638297872 0.9478445981905269 0.8764763779527559 0.10040983606557377 0.9107645103554078
12 0.8879654255319149 0.9547631718999467 0.8768328445747801 0.08835758835758836 0.9141401273885351
13 0.8919547872340425 0.9600851516764236 0.878286270691334 0.07861635220125786 0.9173658784642768
14 0.8926196808510638 0.9627461415646621 0.8773035887487876 0.07399577167019028 0.9180411063181934
15 0.8956117021276596 0.9659393294305482 0.8789346246973365 0.06786850477200425 0.9203853955375254
16 0.8966090425531915 0.9664715274081959 0.8798449612403101 0.06673728813559322 0.921126046157748
17 0.897938829787234 0.9675359233634913 0.8808139534883721 0.0646186440677966 0.9221405021557191
18 0.897938829787234 0.968068121341139 0.8804453049370765 0.06369426751592357 0.9221799746514575
19 0.9075797872340425 0.9707291112293773 0.8910600879335613 0.05723204994797086 0.9291900152827305
20 0.9119015957446809 0.9691325172964342 0.8979289940828402 0.05918367346938776 0.9321730227796262
21 0.9122340425531915 0.9691325172964342 0.8983719782930439 0.059123343527013254 0.9324116743471582
22 0.9138962765957447 0.9707291112293773 0.8994082840236687 0.05612244897959184 0.9337087279242385
23 0.914561170212766 0.9717935071846727 0.8995073891625616 0.0541922290388548 0.9342542849833717
24 0.9162234042553191 0.9792442788717403 0.8962493911349245 0.040837696335078534 0.9359104781281791
25 0.9165558510638298 0.9792442788717403 0.8966861598440545 0.04079497907949791 0.9361485627066904
26 0.9162234042553191 0.982969664715274 0.8935655539429125 0.03400637619553666 0.93613786112519
27 0.9175531914893617 0.9840340606705694 0.8945331398161587 0.031880977683315624 0.9371515458692348
28 0.9175531914893617 0.9840340606705694 0.8945331398161587 0.031880977683315624 0.9371515458692348
29 0.9165558510638298 0.9824374667376264 0.8943798449612403 0.034957627118644065 0.9363428861273143
30 0.925531914893617 0.9824374667376264 0.9062346588119784 0.03398558187435633 0.9427987742594484
31 0.9225398936170213 0.9771154869611496 0.9062191510365252 0.04378818737270876 0.9403329065300896
32 0.9308510638297872 0.9696647152740819 0.9234668018246326 0.05507246376811594 0.9460020768431985
33 0.9321808510638298 0.971261309207025 0.9240506329113924 0.05227492739593417 0.9470679813181111
34 0.9331781914893617 0.9728579031399681 0.9241658240647118 0.04951456310679612 0.9478869587762511
35 0.9258643617021277 0.9590207557211282 0.9250513347022588 0.07264150943396226 0.9417298144760909
36 0.9298537234042553 0.9648749334752528 0.9259448416751788 0.06285714285714286 0.945009121709669
37 0.9325132978723404 0.9701969132517296 0.9253807106598985 0.05394990366088632 0.947259028319044
38 0.9361702127659575 0.9579563597658329 0.9409304756926293 0.07214611872146119 0.9493670886075949
39 0.9351728723404256 0.9568919638105375 0.9403765690376569 0.0739051094890511 0.9485623845950937
40 0.9434840425531915 0.968068121341139 0.9429756350440642 0.05560704355885079 0.9553571428571429
41 0.945811170212766 0.9696647152740819 0.9450207468879668 0.05277777777777778 0.9571841344890991
42 0.9468085106382979 0.9686003193187865 0.9474232170744404 0.05427782888684453 0.9578947368421052
43 0.9464760638297872 0.968068121341139 0.9473958333333333 0.05514705882352941 0.9576204264280074
44 0.9464760638297872 0.9675359233634913 0.9478623566214807 0.05596330275229358 0.9575981037661312
45 0.945811170212766 0.9648749334752528 0.9492146596858638 0.060109289617486336 0.9569807337028239
46 0.9464760638297872 0.9664715274081959 0.9487983281086729 0.05758683729433273 0.9575533878196678
47 0.944813829787234 0.9643427354976051 0.9481946624803768 0.061075660893345485 0.9562005277044855
48 0.9444813829787234 0.9632783395423098 0.9486373165618449 0.06272727272727273 0.955901769210457
49 0.9464760638297872 0.9664715274081959 0.9487983281086729 0.05758683729433273 0.9575533878196678
50 0.945811170212766 0.9648749334752528 0.9492146596858638 0.060109289617486336 0.9569807337028239
