3 0.9325132978723404 0.9664893617021276 0.9284619315278487 0.05994291151284491 0.9470940839197289
4 0.941156914893617 0.9746300211416491 0.9346173340091232 0.0463768115942029 0.9542043984476067
5 0.9288563829787234 0.9666666666666667 0.9236602628918099 0.06116504854368932 0.9446742502585316
6 0.9235372340425532 0.9554848966613673 0.9250897896357106 0.07932011331444759 0.9400417101147028
7 0.9341755319148937 0.9580712788259959 0.9393627954779034 0.07532956685499058 0.9486248053969901
8 0.9368351063829787 0.9675704412546517 0.9338122113904567 0.05760151085930123 0.9503916449086162
9 0.9238696808510638 0.9574132492113565 0.9248349415947181 0.07795957651588066 0.9408421596486697
10 0.9391622340425532 0.9624735729386892 0.942058975685463 0.06604651162790698 0.952156862745098
11 0.9318484042553191 0.9593538301198541 0.9354674796747967 0.075 0.9472600977617701
12 0.9358377659574468 0.96282722513089 0.9377868434472209 0.06781279847182425 0.9501420821493155
13 0.9295212765957447 0.9551451187335093 0.9344346928239545 0.07936507936507936 0.9446764091858038
14 0.9278590425531915 0.9712643678160919 0.9198416625432954 0.05572441742654509 0.944853875476493
15 0.9341755319148937 0.9635974304068522 0.9326424870466321 0.06307977736549165 0.9478672985781991
16 0.9358377659574468 0.9637249593936112 0.9338929695697796 0.060798548094373864 0.9485744737543298
17 0.9335106382978723 0.9673340358271865 0.9300911854103343 0.059961315280464215 0.9483471074380164
18 0.932845744680851 0.9634533898305084 0.9318647540983607 0.06534090909090909 0.9473958333333333
19 0.9331781914893617 0.9609171443460135 0.9360406091370559 0.07225433526011561 0.9483157624067884
20 0.9245345744680851 0.9585084033613446 0.9249873289406995 0.07632850241545894 0.9414495744132061
21 0.9261968085106383 0.954046997389034 0.9316675165731769 0.08404966571155682 0.9427244582043345
22 0.9215425531914894 0.9560148383677796 0.9218191108840061 0.07897240723120837 0.9386056191467221
23 0.9298537234042553 0.9654817104585265 0.9286422200198216 0.06767676767676768 0.9467037130588531
24 0.933843085106383 0.9558294812532101 0.9427558257345492 0.08317214700193423 0.9492476409079317
