4 0.6502599653379549 1.0 0.6502599653379549 0.7880697332493173
5 0.6493934142114385 0.9981343283582089 0.6500607533414338 0.7873436350257542
6 0.6493934142114385 0.9976012793176973 0.6501650165016502 0.7872541802502891
7 0.6625649913344888 0.9640191897654584 0.6662368760361024 0.7879315978651563
8 0.6630849220103986 0.9482942430703625 0.6703089675960814 0.785430463576159
9 0.6679376083188908 0.9392324093816631 0.6761320030698388 0.786256135653726
10 0.6700173310225304 0.9331023454157783 0.6792782305005821 0.7862115427801484
11 0.6660311958405546 0.9168443496801706 0.6805143422354105 0.7811967752923812
12 0.6655112651646448 0.914179104477612 0.6808257244938468 0.7804323094425484
13 0.6653379549393414 0.9107142857142857 0.6816277678037104 0.7796919566457502
14 0.6679376083188908 0.9077825159914712 0.6844855305466238 0.7804766269477544
15 0.67157712305026 0.9056503198294243 0.687993520955659 0.781958347716028
16 0.6696707105719237 0.9040511727078892 0.6869177804779263 0.7806674338319909
17 0.6693240901213171 0.9000533049040512 0.6877800407331975 0.7797275456014777
18 0.6701906412478337 0.898454157782516 0.688943388514204 0.7798727588201272
19 0.7067590987868284 0.9160447761194029 0.7139592854175322 0.802474900770488
20 0.7279029462738301 0.912046908315565 0.734019734019734 0.8134062277157118
21 0.7282495667244367 0.912046908315565 0.7343347639484978 0.8135996195910603
22 0.7279029462738301 0.9107142857142857 0.7345227858985383 0.813184198000952
23 0.7289428076256499 0.9112473347547975 0.735268817204301 0.8138538443227802
24 0.7298093587521663 0.9112473347547975 0.7360602798708289 0.8143384542098369
25 0.7294627383015598 0.9067164179104478 0.7374810318664643 0.8133891213389122
26 0.767417677642981 0.9104477611940298 0.772501130710086 0.835820895522388
27 0.7672443674176777 0.9099147121535182 0.7725729803122878 0.8356382327744463
28 0.7831889081455806 0.9168443496801706 0.7855674811600822 0.8461443856844177
29 0.7811091854419411 0.914179104477612 0.7847174559597346 0.8445155730641389
30 0.7802426343154246 0.9123134328358209 0.7847317744154058 0.8437268917919646
31 0.8220103986135182 0.9312366737739872 0.8196106028618344 0.8718652526512788
32 0.8247833622183709 0.9347014925373134 0.820734846711912 0.874018691588785
33 0.8244367417677643 0.93363539445629 0.8209514881649871 0.8736750218231698
34 0.824263431542461 0.9323027718550106 0.8215124471582903 0.8734082397003746
35 0.8244367417677643 0.9325692963752665 0.8215543554825077 0.8735488703033328
36 0.8292894280762565 0.9363006396588486 0.8248415120920404 0.8770440644114342
37 0.8287694974003467 0.9349680170575693 0.8250235183443085 0.8765617191404297
38 0.835528596187175 0.9384328358208955 0.830620429346544 0.8812413965711425
39 0.8344887348353552 0.9371002132196162 0.830224321133412 0.8804306998873168
40 0.8350086655112652 0.9376332622601279 0.8305004721435316 0.8808212318477717
41 0.8337954939341421 0.935501066098081 0.830376153300213 0.8798094999373356
42 0.832582322357019 0.9349680170575693 0.8293144208037825 0.8789776998246053
43 0.8339688041594454 0.9365671641791045 0.8299480396787907 0.8800400701227148
44 0.8334488734835356 0.9363006396588486 0.8295159386068477 0.8796794791536247
45 0.8561525129982669 0.9410980810234542 0.8528985507246377 0.8948302078053725
46 0.8570190641247833 0.9432302771855011 0.8525656468320887 0.8956092623054537
47 0.8566724436741768 0.9405650319829424 0.8538591821921123 0.8951173113506657
48 0.8577123050259965 0.9416311300639659 0.8544135429262394 0.895904653226829
49 0.8566724436741768 0.9400319829424307 0.8542019859530152 0.8950640781626698
50 0.8655112651646447 0.9426972281449894 0.863103953147877 0.9011464968152868
51 0.864471403812825 0.94136460554371 0.8627259404005863 0.900331379046648
52 0.8684575389948007 0.945362473347548 0.8649109973177274 0.9033490385839806
53 0.8694974003466205 0.9466950959488273 0.8652862362971986 0.9041618938526156
54 0.8684575389948007 0.9448294243070362 0.8652672687332195 0.9032997834118996
55 0.8691507798960139 0.9464285714285714 0.8650426309378806 0.9039073437698866
56 0.8679376083188908 0.9442963752665245 0.864990234375 0.9029051987767585
57 0.8705372616984403 0.9477611940298507 0.8658388117847577 0.9049497391525638
58 0.8684575389948007 0.9448294243070362 0.8652672687332195 0.9032997834118996
59 0.8703639514731369 0.9480277185501066 0.8654501216545012 0.9048588145510048
60 0.8707105719237435 0.9458955223880597 0.8673020527859238 0.904895461499235
61 0.869844020797227 0.9461620469083155 0.8660648938765553 0.9043433957457648
62 0.8714038128249567 0.9469616204690832 0.867431640625 0.9054536187563711
63 0.8688041594454072 0.9456289978678039 0.8651548402828578 0.9036037183242074
64 0.8688041594454072 0.9442963752665245 0.8660474211684185 0.9034808109141911
65 0.8712305025996534 0.9458955223880597 0.8679383712399119 0.9052416783573524
66 0.8707105719237435 0.9464285714285714 0.866943359375 0.9049439347604484
67 0.8688041594454072 0.9445628997867804 0.8658685560713413 0.9035054174633523
68 0.8703639514731369 0.9458955223880597 0.8668783585735222 0.9046647973489678
69 0.8693240901213172 0.9440298507462687 0.8668624571708272 0.9038019903036489
70 0.8705372616984403 0.9461620469083155 0.8669108669108669 0.9048043838409583
71 0.8712305025996534 0.9474946695095949 0.866861741038771 0.905386476505794
72 0.869844020797227 0.9440298507462687 0.8674993877051188 0.9041480536056159
73 0.8717504332755632 0.9456289978678039 0.8687561214495593 0.9055640632976008
74 0.8807625649913345 0.9509594882729211 0.8762278978388998 0.9120654396728016
75 0.8805892547660312 0.9498933901918977 0.8767527675276753 0.9118587693488551
76 0.881629116117851 0.951226012793177 0.8771196854263947 0.9126710139368368
77 0.8812824956672444 0.9509594882729211 0.8768739247972475 0.9124152921621276
78 0.881629116117851 0.9509594882729211 0.8773051389230391 0.9126486763013173
79 0.881629116117851 0.9498933901918977 0.8780487804878049 0.9125592113685828
80 0.8850953206239168 0.9533582089552238 0.879950799507995 0.91518485352437
81 0.88578856152513 0.9528251599147122 0.8811929997535124 0.9156101933666282
82 0.8850953206239168 0.9528251599147122 0.8803250430928343 0.9151414309484193
83 0.8847487001733102 0.9522921108742004 0.8802660753880266 0.9148636538215337
84 0.8847487001733102 0.9520255863539445 0.8804535370963766 0.9148418491484184
85 0.8852686308492201 0.9528251599147122 0.8805418719211823 0.9152585765488992
86 0.8849220103986135 0.9517590618336887 0.8808584114454859 0.9149372277735076
87 0.8849220103986135 0.9517590618336887 0.8808584114454859 0.9149372277735076
88 0.8852686308492201 0.9525586353944563 0.8807294233612617 0.915236875800256
89 0.8850953206239168 0.9522921108742004 0.8807000246487552 0.9150979638878217
90 0.88578856152513 0.9533582089552238 0.8808175326274317 0.9156533981825163
91 0.8878682842287695 0.9522921108742004 0.8841870824053452 0.9169767740279738
92 0.8949740034662045 0.9573560767590619 0.8895492818226844 0.9222079589216944
93 0.8953206239168111 0.9584221748400853 0.8892185954500494 0.9225243714725501
94 0.8987868284228769 0.9597547974413646 0.8926623698562222 0.9249935782173131
95 0.8982668977469671 0.9594882729211087 0.8921933085501859 0.9246179529985874
96 0.8980935875216638 0.9594882729211087 0.8919722497522299 0.9244992295839752
97 0.9086655112651646 0.9610874200426439 0.9044394281414597 0.9319033466856183
98 0.9084922010398614 0.9602878464818764 0.9048216976393771 0.9317300232738557
99 0.9103986135181976 0.9613539445628998 0.9065091731590852 0.9331263743370846
100 0.9105719237435008 0.9621535181236673 0.9061244979919679 0.9332988624612203
101 0.9098786828422877 0.9618869936034116 0.9054189663823382 0.9327991729128974
102 0.910051993067591 0.9613539445628998 0.9060537553378548 0.932885038148196
103 0.9103986135181976 0.9618869936034116 0.9061009289480291 0.9331609566903685
104 0.9098786828422877 0.9605543710021321 0.9064386317907445 0.932712215320911
105 0.9098786828422877 0.960820895522388 0.9062342885872298 0.9327296248382924
106 0.9105719237435008 0.9618869936034116 0.9063284781516826 0.9332816136539953
107 0.9107452339688041 0.9621535181236673 0.9063519959829275 0.9334195216548157
108 0.9105719237435008 0.9605543710021321 0.9073514602215509 0.9331952356292076
109 0.9095320623916812 0.9610874200426439 0.9055750878955299 0.9325058184639256
110 0.9103986135181976 0.9610874200426439 0.9067136032185064 0.9331090697373527
111 0.9095320623916812 0.9602878464818764 0.9061871227364185 0.9324534161490684
112 0.9102253032928943 0.9621535181236673 0.9056698444555946 0.9330576376324632
113 0.9098786828422877 0.9610874200426439 0.9060301507537688 0.9327470253491981
114 0.9123050259965338 0.9610874200426439 0.9092284417549168 0.9344389738274165
115 0.9126516464471404 0.9621535181236673 0.9088620342396777 0.9347488348006213
116 0.9109185441941074 0.9602878464818764 0.9080141129032258 0.933419689119171
117 0.9136915077989601 0.9637526652452025 0.9089994972347913 0.9355756791720569
118 0.9117850953206239 0.9610874200426439 0.90854119425548 0.934075896904546
119 0.9117850953206239 0.9618869936034116 0.9079245283018867 0.9341270868383589
120 0.9195840554592721 0.9626865671641791 0.9176829268292683 0.9396462018730489
121 0.9285961871750433 0.9674840085287847 0.9260204081632653 0.9462982273201251
122 0.9285961871750433 0.9677505330490405 0.9258031616522182 0.9463122230909565
123 0.9294627383015598 0.9664179104477612 0.9280778090606604 0.9468599033816425
124 0.9292894280762565 0.9672174840085288 0.9271844660194175 0.9467779806939735
125 0.9287694974003466 0.9658848614072495 0.9275659073457896 0.946337641989816
126 0.92842287694974 0.9661513859275054 0.9268729225262081 0.9461046587498368
127 0.9298093587521664 0.966684434968017 0.9283337599180957 0.9471210340775558
128 0.9303292894280762 0.9674840085287847 0.928388746803069 0.9475332811276429
129 0.9292894280762565 0.9664179104477612 0.9278403275332651 0.9467362924281985
130 0.92894280762565 0.9658848614072495 0.9278033794162827 0.9464612170279446
131 0.9291161178509532 0.966684434968017 0.9273843006903605 0.946626647527078
132 0.9299826689774696 0.9669509594882729 0.9283520982599796 0.9472584856396867
133 0.92894280762565 0.9653518123667377 0.9282419272168119 0.9464332375228639
134 0.9298093587521664 0.9669509594882729 0.9281146073164492 0.9471348387938913
135 0.9301559792027729 0.9669509594882729 0.9285897107755311 0.947382164773469
136 0.9291161178509532 0.966684434968017 0.9273843006903605 0.946626647527078
137 0.9292894280762565 0.9658848614072495 0.9282786885245902 0.9467084639498433
138 0.9296360485268631 0.9661513859275054 0.9285348360655737 0.946969696969697
139 0.9299826689774696 0.9672174840085288 0.9281329923273657 0.9472722526755416
140 0.9303292894280762 0.9674840085287847 0.928388746803069 0.9475332811276429
141 0.9308492201039862 0.9685501066098081 0.9282247765006386 0.9479587844006783
142 0.9299826689774696 0.9677505330490405 0.92769545222279 0.9472997651969737
143 0.9294627383015598 0.966684434968017 0.9278587874136608 0.9468737762694165
144 0.9299826689774696 0.9674840085287847 0.9279141104294478 0.947286012526096
145 0.9298093587521664 0.9661513859275054 0.9287727389187804 0.9470934030045722
146 0.92894280762565 0.9661513859275054 0.9275844421699079 0.9464751958224543
147 0.9355285961871751 0.9704157782515992 0.933111225012814 0.9513979618500131
148 0.9370883882149047 0.9722814498933902 0.9337087279242385 0.9526047786917352
149 0.9365684575389948 0.9714818763326226 0.9336577868852459 0.9521943573667712
150 0.9350086655112652 0.9696162046908315 0.9330597589125417 0.9509867991112273
151 0.9358752166377816 0.9704157782515992 0.9335897435897436 0.9516466283324622
152 0.9363951473136916 0.9722814498933902 0.9327537714139607 0.9521075296881116
153 0.9353552859618718 0.970682302771855 0.9326504481434059 0.9512864045971007
154 0.9452339688041594 0.9770788912579957 0.9409650924024641 0.9586820083682008
155 0.9440207972270364 0.9736140724946695 0.9422233685839567 0.9576615545943111
156 0.9429809358752166 0.9733475479744137 0.9409945890234476 0.9568976811214464
157 0.944367417677643 0.974680170575693 0.9417975791913469 0.9579567779960707
158 0.944367417677643 0.9749466950959488 0.9415701415701415 0.9579677883985858
159 0.9441941074523397 0.974680170575693 0.9415550978372812 0.9578313253012049
160 0.9445407279029463 0.974680170575693 0.9420401854714064 0.9580822635577678
161 0.9533795493934142 0.9813432835820896 0.948724555526926 0.9647582863880518
162 0.9542461005199306 0.9816098081023454 0.9497163486333161 0.9653997378768021
163 0.9537261698440208 0.9808102345415778 0.9496774193548387 0.9649927887767143