3 0.7681109185441941 1.0 0.7376470588235294 0.0 0.8490182802979012
4 0.8188908145580589 1.0 0.782608695652174 0.0 0.878048780487805
5 0.8372616984402079 1.0 0.8002552648372687 0.0 0.8890464374335343
6 0.8478336221837088 0.9992025518341308 0.8111782477341389 0.002640845070422535 0.8954263935207242
7 0.848526863084922 0.9986709197235513 0.8121487246000865 0.004370629370629371 0.8958035288507392
8 0.8717504332755632 0.9981392876129718 0.8366755793226381 0.00546021840873635 0.9103030303030303
9 0.8722703639514732 0.9981392876129718 0.8372352285395763 0.005447470817120622 0.9106341700012125
10 0.8809358752166377 0.9973418394471026 0.8471438247911492 0.007457121551081283 0.9161274569649616
11 0.8876949740034662 0.9973418394471026 0.8546697038724373 0.007246376811594203 0.9205103042198233
12 0.888734835355286 0.9973418394471026 0.8558394160583942 0.007215007215007215 0.9211883132825927
13 0.888734835355286 0.9973418394471026 0.8558394160583942 0.007215007215007215 0.9211883132825927
14 0.888734835355286 0.9973418394471026 0.8558394160583942 0.007215007215007215 0.9211883132825927
15 0.9008665511265165 0.9954811270600744 0.8709302325581395 0.011564625850340135 0.9290498635574298
16 0.9032928942807625 0.9952153110047847 0.8739495798319328 0.012113055181695828 0.9306487695749441
17 0.9058925476603119 0.9944178628389154 0.8775510204081632 0.013934970139349702 0.9323364485981308
18 0.9069324090121317 0.9944178628389154 0.8787878787878788 0.013879709187045605 0.9330340441451552
19 0.907105719237435 0.9944178628389154 0.8789943609022557 0.013870541611624834 0.9331504115739587
20 0.9110918544194108 0.987772461456672 0.8883576380588095 0.028985507246376812 0.9354310887350535
21 0.9110918544194108 0.987772461456672 0.8883576380588095 0.028985507246376812 0.9354310887350535
22 0.9109185441941074 0.987772461456672 0.8881453154875717 0.029003783102143757 0.9353133652152026
23 0.9121317157712305 0.9883040935672515 0.8892609423582875 0.027690371302706105 0.9361702127659575
24 0.9121317157712305 0.9883040935672515 0.8892609423582875 0.027690371302706105 0.9361702127659575
25 0.9121317157712305 0.9883040935672515 0.8892609423582875 0.027690371302706105 0.9361702127659575
26 0.915424610051993 0.9872408293460925 0.894077997111218 0.0297029702970297 0.9383527033855483
27 0.915424610051993 0.9872408293460925 0.894077997111218 0.0297029702970297 0.9383527033855483
28 0.9157712305025997 0.9872408293460925 0.8945086705202312 0.029666254635352288 0.9385898407884762
29 0.9157712305025997 0.987772461456672 0.8941289701636189 0.028500619578686492 0.9386208638545088
30 0.9157712305025997 0.987772461456672 0.8941289701636189 0.028500619578686492 0.9386208638545088
31 0.9265164644714038 0.97953216374269 0.9139384920634921 0.04430379746835443 0.9455991788555299
32 0.9280762564991335 0.9776714513556619 0.9174357695185832 0.04770017035775128 0.9465963196499808
33 0.9308492201039862 0.9768740031897927 0.9217456734386757 0.04879416713404375 0.948509485094851
34 0.9306759098786829 0.9768740031897927 0.9215145436308927 0.04882154882154882 0.9483870967741935
35 0.9341421143847487 0.9758107389686337 0.927020202020202 0.05027624309392265 0.9507899507899508
36 0.9400346620450607 0.9827219564061669 0.9293614881850176 0.03627232142857143 0.955297157622739
37 0.9400346620450607 0.9819245082402978 0.9300100704934542 0.03781979977753059 0.9552624773726403
38 0.9398613518197574 0.9819245082402978 0.9297759879184495 0.037840845854201444 0.9551389786683905
39 0.9396880415944541 0.981658692185008 0.9297583081570997 0.03837597330367074 0.9550038789759504
40 0.9410745233968805 0.987772461456672 0.9266832917705735 0.026136363636363635 0.9562532166752444
41 0.9410745233968805 0.9875066454013822 0.9268962075848304 0.026674233825198637 0.9562419562419562
42 0.941421143847487 0.986709197235513 0.928 0.02824858757062147 0.9564545220304045
43 0.9398613518197574 0.9835194045720361 0.9284818067754078 0.03473389355742297 0.9552084677939847
44 0.944367417677643 0.986709197235513 0.9319608335425559 0.027979854504756575 0.9585539057456424
45 0.9454072790294628 0.9869750132908027 0.9331490324202061 0.027359017308766054 0.9593075829996125
46 0.9450606585788561 0.9869750132908027 0.9326802310977141 0.02738960313024036 0.9590597959447242
47 0.944367417677643 0.9824561403508771 0.935459377372817 0.03628367234744365 0.9583819525476468
48 0.9445407279029463 0.9827219564061669 0.9354757085020243 0.035753575357535754 0.9585169821104484
49 0.9452339688041594 0.9835194045720361 0.9357612544258979 0.034140969162995596 0.9590461378952825
50 0.9450606585788561 0.9848484848484849 0.9344262295081968 0.031578947368421054 0.9589750226478583
51 0.9447140381282496 0.9821903242955875 0.9361540410438307 0.036752605595172794 0.958619795044753
52 0.9493934142114385 0.9861775651249336 0.9392405063291139 0.02857142857142857 0.9621369294605808
53 0.9480069324090121 0.9851143009037746 0.9382278481012658 0.03076923076923077 0.9610995850622407
54 0.9480069324090121 0.9835194045720361 0.9395632300660234 0.03384279475982533 0.9610389610389611
55 0.9492201039861352 0.9840510366826156 0.9407878017789072 0.0326975476839237 0.9619332207353515
56 0.9481802426343154 0.9840510366826156 0.939355493529561 0.03280481137233461 0.9611839543035181
57 0.9487001733102253 0.9835194045720361 0.9405185561769192 0.03376906318082789 0.9615384615384616
58 0.946793760831889 0.9829877724614566 0.938340522709972 0.034991798797156914 0.9601453978969232
59 0.9466204506065858 0.9821903242955875 0.938770325203252 0.03653217011995638 0.9599896076903092
60 0.9471403812824957 0.9827219564061669 0.9390398780797562 0.03546099290780142 0.9603844655150019
61 0.9464471403812825 0.97953216374269 0.9407709982129181 0.04155423637344846 0.9597603854668576
62 0.9464471403812825 0.9797979797979798 0.9405460576677724 0.041058887088060506 0.9597708631688582
63 0.9455805892547661 0.9787347155768208 0.9402451481103167 0.043149946062567425 0.9591039333159677
64 0.9455805892547661 0.9782030834662414 0.9406952965235174 0.04413347685683531 0.9590826166275737
65 0.9469670710571924 0.9797979797979798 0.9412665985699693 0.040992448759439054 0.9601458713206564
66 0.9462738301559792 0.9787347155768208 0.9412065439672802 0.04305705059203445 0.9596038571800886
67 0.9461005199306759 0.9784688995215312 0.9411915111224751 0.04357181280258203 0.9594682653460185
68 0.9454072790294628 0.9776714513556619 0.9409056024558711 0.045137023105857065 0.9589362534219789
69 0.9459272097053726 0.9774056353003722 0.9418545081967213 0.04555198285101822 0.9593008087659797
70 0.946793760831889 0.9782030834662414 0.942381562099872 0.04396782841823056 0.9599582626842312
71 0.9454072790294628 0.9768740031897927 0.9415833973866257 0.04659882163899304 0.9589041095890412
72 0.9455805892547661 0.9760765550239234 0.9425051334702259 0.048025613660619 0.9589971271872552
73 0.9455805892547661 0.9758107389686337 0.9427324088341037 0.048507462686567165 0.9589864158829676
74 0.9476603119584055 0.9782030834662414 0.9435897435897436 0.04385026737967915 0.9605847037327069
75 0.9461005199306759 0.9763423710792132 0.9430038510911425 0.047466666666666664 0.9593835705890035
76 0.9448873483535528 0.9763423710792132 0.9413121476166069 0.04764453961456103 0.9585073068893528
77 0.944367417677643 0.9739500265816056 0.9426292770774376 0.05204460966542751 0.9580337298993332
78 0.9441941074523397 0.9728867623604466 0.9432989690721649 0.05396825396825397 0.9578644333943994
79 0.944367417677643 0.9734183944710261 0.9430852433685295 0.052994170641229466 0.9580117724002617
80 0.9464471403812825 0.9752791068580542 0.9444015444015444 0.0493368700265252 0.9595919968615142
81 0.946793760831889 0.9760765550239234 0.9442015942401646 0.04784688995215311 0.9598745262057249