5 0.6580589254766032 1.0 0.6580589254766032 0.7937702519075991
6 0.6537261698440208 0.9755069791941006 0.6603672668924943 0.7875823942164576
7 0.6554592720970537 0.9681327363708191 0.6631787840519574 0.7871520342612419
8 0.6558058925476603 0.9665525414801159 0.6637728341472238 0.7870469654728716
9 0.6537261698440208 0.9589149328417171 0.6640525259894219 0.7846982758620691
10 0.6530329289428076 0.9512773242033185 0.6653158961134648 0.7830045523520486
11 0.6535528596187175 0.9415327890439821 0.6679745889387145 0.7815061755383103
12 0.6573656845753899 0.9425862523044509 0.6704758336455602 0.7835796387520525
13 0.6932409012131716 0.9676060047405847 0.6904717158428867 0.8058784821232727
14 0.7192374350086655 0.9468001053463261 0.7171354478356273 0.8161180476730986
15 0.7197573656845754 0.94548327627074 0.718 0.81618733659202
16 0.7599653379549394 0.9462733737160917 0.7526183493925429 0.8384085870960216
17 0.7778162911611786 0.953384250724256 0.7661375661375661 0.8495658296174609
18 0.7779896013864818 0.9525941532789044 0.7666384061042815 0.8495596007046389
19 0.8150779896013864 0.9531208849091388 0.8027950310559007 0.871523178807947
20 0.8175043327556326 0.9515406900184356 0.8061133422579205 0.8728107259330836
21 0.8291161178509532 0.9470634711614433 0.8208171650308149 0.8794326241134752
22 0.8289428076256499 0.9470634711614433 0.820629849383843 0.8793251008680768
23 0.8493934142114384 0.9531208849091388 0.8396751740139211 0.8928086838534601
24 0.8500866551126517 0.9539109823544903 0.8399814471243042 0.893328400542607
25 0.8551126516464471 0.9504872267579668 0.8477801268498943 0.896200645641917
26 0.8604852686308492 0.9575981037661312 0.8495327102803738 0.9003342825306426
27 0.8608318890814558 0.9578614695812484 0.849766355140187 0.9005818992200075
28 0.8606585788561525 0.9581248353963655 0.8494046229278543 0.9004950495049504
29 0.8599653379549393 0.9570713721358968 0.8492638466931526 0.8999504705299654
30 0.8599653379549393 0.9568080063207796 0.8494271685761048 0.8999256873916275
31 0.860311958405546 0.9570713721358968 0.8496609773205518 0.9001733960862027
32 0.8606585788561525 0.957334737951014 0.8498947860649988 0.9004211047807777
33 0.8731369150779896 0.9644456149591782 0.8598262502934961 0.9091360476663357
34 0.8722703639514732 0.9633921516987095 0.8594924812030075 0.9084813113125544
35 0.872790294627383 0.9641822491440611 0.8595914533928152 0.9088877855014896
36 0.8781629116117851 0.9660258098498815 0.8646864686468647 0.9125513123522827
37 0.8779896013864819 0.9657624440347643 0.8646545626031596 0.912416023886539
38 0.8779896013864819 0.9647089807742955 0.8653437278525868 0.9123287671232877
39 0.8772963604852686 0.9641822491440611 0.8648712497047012 0.9118306351183064
40 0.8792027729636048 0.9649723465894127 0.8666035950804163 0.9131464174454829
41 0.8790294627383015 0.9660258098498815 0.8657068680670286 0.9131192432163306
42 0.8783362218370884 0.9652357124045299 0.8654073199527745 0.9125996015936255
43 0.8821490467937608 0.9644456149591782 0.8704540052293797 0.9150424787606197
44 0.8896013864818024 0.9676060047405847 0.8772683858643744 0.9202254226675016
45 0.8908145580589255 0.9676060047405847 0.8787371442238698 0.9210328403108548
46 0.8906412478336222 0.9673426389254675 0.8787081339712919 0.9208975805440641
47 0.9062391681109185 0.9702396628917567 0.8959143968871596 0.9315969149070679
48 0.9103986135181976 0.9741901501185146 0.898251578436134 0.9346809854706254
49 0.9095320623916812 0.9728733210429287 0.8981278871869681 0.9340075853350189
50 0.9097053726169844 0.973400052673163 0.8979591836734694 0.9341589788954884
51 0.9097053726169844 0.9736634184882802 0.8977659057795047 0.9341756159191409
52 0.9097053726169844 0.9731366868580458 0.8981526494895479 0.9341423334597395
53 0.9091854419410745 0.9728733210429287 0.8976913730255164 0.9337714863498483
54 0.9102253032928943 0.9736634184882802 0.8984204131227217 0.9345298281092012
55 0.9093587521663778 0.973400052673163 0.8975230694511899 0.9339229311433986
56 0.9093587521663778 0.9726099552278115 0.898103112840467 0.9338728031356682
57 0.9084922010398614 0.9718198577824598 0.8975918268061299 0.9332321699544766
58 0.9088388214904679 0.972083223597577 0.8978350766236926 0.9334850784016187
59 0.9121317157712305 0.9741901501185146 0.9004381694255112 0.9358633776091081
60 0.912998266897747 0.9757703450092178 0.9003645200486027 0.9365520728008089
61 0.912998266897747 0.9752436133789834 0.9007540744344442 0.9365199797673243
62 0.9123050259965338 0.974716881748749 0.9002675747993188 0.93601416287304
63 0.9126516464471404 0.9749802475638663 0.9005108246168816 0.9362670713201822
64 0.918370883882149 0.9749802475638663 0.9077979401667484 0.9401904761904761
65 0.9247833622183709 0.9776139057150381 0.9140605762127555 0.9447696614914736
66 0.9249566724436742 0.9776139057150381 0.9142857142857143 0.9448899070892197
67 0.9263431542461005 0.9776139057150381 0.9160908193484699 0.9458529749012614
68 0.9261698440207973 0.977350539899921 0.9160701061466304 0.9457186544342507
69 0.9256499133448873 0.9762970766394522 0.9162135442412259 0.9453015427769985
70 0.9268630849220104 0.9781406373452726 0.9163582531458179 0.9462420382165604
71 0.9258232235701906 0.9765604424545694 0.916234247590808 0.9454360020397756
72 0.9256499133448873 0.9765604424545694 0.91600790513834 0.9453154875717017
73 0.9249566724436742 0.976033710824335 0.9155138339920948 0.9448056086679413
74 0.9261698440207973 0.9768238082696866 0.9164813442055844 0.9456909739928608
75 0.925996533795494 0.9770871740848038 0.9160493827160494 0.9455842997323819
76 0.925996533795494 0.9776139057150381 0.9156388751850024 0.9456120239459942
77 0.925996533795494 0.9768238082696866 0.9162549407114624 0.9455704270235817
78 0.9263431542461005 0.9776139057150381 0.9160908193484699 0.9458529749012614
79 0.9258232235701906 0.9768238082696866 0.9160286490491479 0.9454499107825644
80 0.9261698440207973 0.977350539899921 0.9160701061466304 0.9457186544342507
81 0.9265164644714038 0.977350539899921 0.9165225981723882 0.9459597247004843
82 0.9266897746967071 0.9781406373452726 0.9161322150962012 0.9461215131830341
83 0.9266897746967071 0.9784040031603898 0.9159270216962525 0.9461352349420603
84 0.9263431542461005 0.9784040031603898 0.9154756037456875 0.9458943348185869
85 0.9272097053726169 0.9789307347906242 0.9161942321912744 0.946524064171123
86 0.9266897746967071 0.978667368975507 0.9157220305569246 0.9461489497135583
87 0.9261698440207973 0.9784040031603898 0.915250061591525 0.9457739307535643
88 0.9253032928942808 0.9768238082696866 0.9153504442250741 0.9450885463116321
89 0.9303292894280762 0.9776139057150381 0.9213204269049392 0.9486327625862508
90 0.931369150779896 0.9791941006057414 0.9214374225526641 0.9494382022471909
91 0.931369150779896 0.978667368975507 0.9218556189531134 0.9494123658661217
92 0.9303292894280762 0.9770871740848038 0.9217391304347826 0.9486064945026847
93 0.9320623916811092 0.9794574664208586 0.9221423258120506 0.9499361430395914
94 0.9318890814558058 0.9789307347906242 0.922332506203474 0.9497891912610196
95 0.9308492201039862 0.977350539899921 0.9222166998011928 0.9489835059455313
96 0.9391681109185442 0.9820911245720305 0.9294616151545364 0.9550518632347291
97 0.9389948006932409 0.981301027126679 0.9298727227352134 0.9548949256791389
98 0.938474870017331 0.9815643929417962 0.928963110667996 0.9545396337559227
99 0.9395147313691508 0.9818277587569133 0.9301397205588823 0.9552850736707239
100 0.9393414211438474 0.9823544903871477 0.929479192623972 0.9551856594110114
101 0.9393414211438474 0.9810376613115618 0.9305520859355484 0.9551282051282052
102 0.9525129982668977 0.9841980510929681 0.9458364970893445 0.9646360351058338
103 0.9528596187175044 0.9841980510929681 0.9463155229171942 0.9648851019881228
104 0.9533795493934142 0.9849881485383197 0.9463562753036437 0.9652858433346239
