3 0.7759098786828423 1.0 0.7463711259317379 0.0 0.854768055711558
4 0.8244367417677643 1.0 0.7897467828974678 0.0 0.8825234837063667
5 0.8438474870017331 1.0 0.8085422864428389 0.0 0.894136999177535
6 0.8571923743500867 0.9994743758212877 0.8222702702702702 0.0017467248908296944 0.9022538552787662
7 0.8580589254766031 0.9994743758212877 0.8231601731601732 0.0017391304347826088 0.9027893175074183
8 0.8797227036395148 0.9994743758212877 0.8460511679644049 0.001568627450980392 0.9163855421686747
9 0.8807625649913345 0.9992115637319317 0.8473367506128816 0.002338269680436477 0.9170284611673902
10 0.8902946273830156 0.9986859395532195 0.8581752484191508 0.0037257824143070045 0.9231142961253491
11 0.8974003466204507 0.9984231274638633 0.8663625997719498 0.004332129963898917 0.9277167277167276
12 0.8980935875216638 0.9984231274638633 0.8671536178954576 0.004319654427645789 0.9281700464207183
13 0.8980935875216638 0.9984231274638633 0.8671536178954576 0.004319654427645789 0.9281700464207183
14 0.8980935875216638 0.9984231274638633 0.8671536178954576 0.004319654427645789 0.9281700464207183
15 0.9090121317157712 0.9960578186596584 0.8813953488372093 0.01020408163265306 0.9352251696483652
16 0.9116117850953206 0.99526938239159 0.8850198644543118 0.012072434607645875 0.9369124195942603
17 0.9131715771230503 0.9939553219448095 0.887793427230047 0.015231788079470199 0.937879727216367
18 0.9138648180242634 0.9936925098554533 0.888810531264692 0.0158311345646438 0.938329817595235
19 0.9138648180242634 0.9934296977660972 0.8889934148635936 0.016469038208168644 0.9383145091225022
20 0.9181975736568457 0.9871222076215506 0.8987796123474515 0.030798240100565682 0.9408817635270541
21 0.9181975736568457 0.9871222076215506 0.8987796123474515 0.030798240100565682 0.9408817635270541
22 0.9185441941074524 0.9868593955321945 0.8994011976047904 0.03134796238244514 0.9411027568922307
23 0.9190641247833622 0.9850197109067017 0.9013949013949014 0.03535980148883375 0.941353761145297
24 0.9190641247833622 0.9850197109067017 0.9013949013949014 0.03535980148883375 0.941353761145297
25 0.9190641247833622 0.9850197109067017 0.9013949013949014 0.03535980148883375 0.941353761145297
26 0.9221837088388215 0.9837056504599212 0.9062953995157385 0.03780487804878049 0.9434152488972906
27 0.9221837088388215 0.9837056504599212 0.9062953995157385 0.03780487804878049 0.9434152488972906
28 0.9220103986135182 0.983442838370565 0.9062727052555098 0.038391224862888484 0.9432820771363751
29 0.9221837088388215 0.9837056504599212 0.9062953995157385 0.03780487804878049 0.9434152488972906
30 0.9221837088388215 0.9837056504599212 0.9062953995157385 0.03780487804878049 0.9434152488972906
31 0.9280762564991335 0.9716162943495401 0.9233266733266733 0.061155152887882216 0.9468561915738252
32 0.9280762564991335 0.9716162943495401 0.9233266733266733 0.061155152887882216 0.9468561915738252
33 0.9303292894280762 0.9687253613666229 0.9286974048878811 0.06607440310938367 0.948289169024955
34 0.9305025996533796 0.968988173455979 0.9287153652392948 0.06555555555555556 0.9484244372990355
35 0.9315424610051993 0.9666228646517739 0.9320831221490117 0.06962719298245613 0.9490388336988776
36 0.9317157712305026 0.9666228646517739 0.932319391634981 0.06958904109589041 0.9491612903225807
37 0.9317157712305026 0.9666228646517739 0.932319391634981 0.06958904109589041 0.9491612903225807
38 0.9317157712305026 0.9666228646517739 0.932319391634981 0.06958904109589041 0.9491612903225807
39 0.9318890814558058 0.9668856767411301 0.9323365433350228 0.06907894736842106 0.9492968649206555
40 0.9317157712305026 0.9666228646517739 0.932319391634981 0.06958904109589041 0.9491612903225807
41 0.9318890814558058 0.9668856767411301 0.9323365433350228 0.06907894736842106 0.9492968649206555
42 0.9318890814558058 0.9671484888304862 0.9321175278622087 0.06860592755214051 0.9493099445375983
43 0.9315424610051993 0.9671484888304862 0.9316455696202531 0.06868131868131869 0.9490651192778852
44 0.9348353552859618 0.968988173455979 0.9346007604562737 0.06465753424657535 0.9514838709677419
45 0.9348353552859618 0.9692509855453351 0.9343805421839372 0.0641799232035107 0.9514963880288958
46 0.9346620450606585 0.9692509855453351 0.9341438703140831 0.06421514818880351 0.9513736618083323
47 0.9344887348353553 0.9692509855453351 0.9339073183084325 0.0642504118616145 0.9512509672427134
48 0.9358752166377816 0.9703022339027595 0.9349202329703723 0.06205381658429435 0.9522826928037141
49 0.9355285961871751 0.9703022339027595 0.9344469754492534 0.06212204507971413 0.9520371325425477
50 0.9353552859618718 0.9703022339027595 0.9342105263157895 0.06215621562156216 0.9519143998968673
51 0.9355285961871751 0.9716162943495401 0.9333501640999747 0.05970149253731343 0.9520988926088076
52 0.9428076256499134 0.9839684625492773 0.9329678544729628 0.03471826977803073 0.9577897160399078
53 0.9428076256499134 0.9839684625492773 0.9329678544729628 0.03471826977803073 0.9577897160399078
54 0.9428076256499134 0.9839684625492773 0.9329678544729628 0.03471826977803073 0.9577897160399078
55 0.9426343154246101 0.9839684625492773 0.9327354260089686 0.034738041002277904 0.9576672208722342
56 0.9428076256499134 0.9839684625492773 0.9329678544729628 0.03471826977803073 0.9577897160399078
57 0.9428076256499134 0.9839684625492773 0.9329678544729628 0.03471826977803073 0.9577897160399078
58 0.9426343154246101 0.9839684625492773 0.9327354260089686 0.034738041002277904 0.9576672208722342
59 0.9429809358752166 0.9842312746386334 0.9329845540607873 0.03416856492027335 0.9579230080572964
60 0.9417677642980936 0.9810775295663601 0.9339504628471353 0.04060913705583756 0.9569341194565497
61 0.9417677642980936 0.9810775295663601 0.9339504628471353 0.04060913705583756 0.9569341194565497
62 0.9419410745233969 0.9810775295663601 0.9341841841841841 0.040586245772266064 0.9570567875913345
63 0.9419410745233969 0.9810775295663601 0.9341841841841841 0.040586245772266064 0.9570567875913345
64 0.9419410745233969 0.9810775295663601 0.9341841841841841 0.040586245772266064 0.9570567875913345
65 0.9419410745233969 0.9816031537450722 0.93375 0.03954802259887006 0.9570787956438179
66 0.9417677642980936 0.9816031537450722 0.9335166208447888 0.0395703787450537 0.95695618754804
67 0.9417677642980936 0.9816031537450722 0.9335166208447888 0.0395703787450537 0.95695618754804
68 0.9419410745233969 0.9816031537450722 0.93375 0.03954802259887006 0.9570787956438179
69 0.9419410745233969 0.9816031537450722 0.93375 0.03954802259887006 0.9570787956438179
70 0.9417677642980936 0.9816031537450722 0.9335166208447888 0.0395703787450537 0.95695618754804
71 0.9419410745233969 0.9816031537450722 0.93375 0.03954802259887006 0.9570787956438179
72 0.9419410745233969 0.9816031537450722 0.93375 0.03954802259887006 0.9570787956438179
73 0.9426343154246101 0.9823915900131406 0.9340329835082459 0.03789592760180995 0.9576021519149481
74 0.9426343154246101 0.9823915900131406 0.9340329835082459 0.03789592760180995 0.9576021519149481
75 0.9426343154246101 0.9823915900131406 0.9340329835082459 0.03789592760180995 0.9576021519149481
76 0.9426343154246101 0.9823915900131406 0.9340329835082459 0.03789592760180995 0.9576021519149481
77 0.9426343154246101 0.9823915900131406 0.9340329835082459 0.03789592760180995 0.9576021519149481
78 0.9428076256499134 0.9823915900131406 0.934266433391652 0.03787450537026569 0.9577248270561106
79 0.9428076256499134 0.9823915900131406 0.934266433391652 0.03787450537026569 0.9577248270561106
80 0.9428076256499134 0.9823915900131406 0.934266433391652 0.03787450537026569 0.9577248270561106
81 0.9452339688041594 0.9823915900131406 0.9375470278404816 0.03757711721817162 0.9594455852156057
